A=-0.00105379662;
B=0.00723299989;
C=-0.000549527234;
D=2.78992811e-05;
x=0.380483866;
y=0.0804838538;
z=0.380483866;
A*x+B*y+C*z+D